chr10	7660000	7665000	chr10	7585000	7590000	0,255,255	22	5.0876803	5.337963	5.228203	4.9622617	0.0011881071	0.0008866114	0.0014733645	0.0014962817	1	7587500	7662500	0	NPC	0.0840551694869599	0.125115425943132	0.134719413741981	-3.05226668886652	humGainReg328	ITIH5
chr10	7660000	7665000	chr10	7585000	7590000	0,255,255	22	5.0876803	5.337963	5.228203	4.9622617	0.0011881071	0.0008866114	0.0014733645	0.0014962817	1	7587500	7662500	0	NPC	0.0840551694869599	0.125115425943132	0.134719413741981	-3.05226668886652	humGainReg328	ITIH5
chr10	7660000	7665000	chr10	7585000	7590000	0,255,255	22	5.0876803	5.337963	5.228203	4.9622617	0.0011881071	0.0008866114	0.0014733645	0.0014962817	1	7587500	7662500	0	NPC	0.0840551694869599	0.125115425943132	0.134719413741981	-3.05226668886652	humGainReg328	ITIH5
chr11	2710000	2720000	chr11	2550000	2560000	0,255,255	37	14.703114	13.167622	15.527843	14.650399	0.001396951	0.0011923709	0.0017940582	0.0017688648	1	2555000	2715000	0	NPC	-0.291411321230116	-0.492924536019688	0.12693539048018	-2.92358863153545	humGainReg531	KCNQ1OT1
chr11	2905000	2910000	chr11	2550000	2555000	0,255,255	25	3.2663722	2.7284033	2.9511433	3.5629206	3.4095905e-08	5.3611837e-10	8.098015e-10	5.7061193e-08	4	2555000	2911250	6731	NPC	-1.08348088584618	-16.5393892772055	-2.15053586907353	-9.27073931149704	humGainReg531	CDKN1C
chr11	2905000	2910000	chr11	2550000	2555000	0,255,255	25	3.2663722	2.7284033	2.9511433	3.5629206	3.4095905e-08	5.3611837e-10	8.098015e-10	5.7061193e-08	4	2555000	2911250	6731	NPC	-1.08348088584618	-16.5393892772055	-2.15053586907353	-9.27073931149704	humGainReg531	CDKN1C
chr11	2905000	2910000	chr11	2550000	2555000	0,255,255	25	3.2663722	2.7284033	2.9511433	3.5629206	3.4095905e-08	5.3611837e-10	8.098015e-10	5.7061193e-08	4	2555000	2911250	6731	NPC	-1.08348088584618	-16.5393892772055	-2.15053586907353	-9.27073931149704	humGainReg531	CDKN1C
chr11	2905000	2910000	chr11	2550000	2555000	0,255,255	25	3.2663722	2.7284033	2.9511433	3.5629206	3.4095905e-08	5.3611837e-10	8.098015e-10	5.7061193e-08	4	2555000	2911250	6731	NPC	-1.08348088584618	-16.5393892772055	-2.15053586907353	-9.27073931149704	humGainReg531	CDKN1C
chr11	2905000	2910000	chr11	2550000	2555000	0,255,255	25	3.2663722	2.7284033	2.9511433	3.5629206	3.4095905e-08	5.3611837e-10	8.098015e-10	5.7061193e-08	4	2555000	2911250	6731	NPC	-1.08348088584618	-16.5393892772055	-2.15053586907353	-9.27073931149704	humGainReg531	SLC22A18AS
chr11	2905000	2910000	chr11	2550000	2555000	0,255,255	25	3.2663722	2.7284033	2.9511433	3.5629206	3.4095905e-08	5.3611837e-10	8.098015e-10	5.7061193e-08	4	2555000	2911250	6731	NPC	-1.08348088584618	-16.5393892772055	-2.15053586907353	-9.27073931149704	humGainReg531	CDKN1C
chr11	114125000	114130000	chr11	113905000	113910000	0,255,255	47	10.163145	7.2105875	6.937086	11.078261	1.7591426e-10	4.169468e-17	1.0032157e-16	2.2699195e-10	5	113907500	114133500	6403	NPC	-0.137409632694093	0.158612531501466	0.134719413741981	-16.3799193549552	humGainReg659	NNMT
chr11	114125000	114130000	chr11	113905000	113910000	0,255,255	47	10.163145	7.2105875	6.937086	11.078261	1.7591426e-10	4.169468e-17	1.0032157e-16	2.2699195e-10	5	113907500	114133500	6403	NPC	-0.137409632694093	0.158612531501466	0.134719413741981	-16.3799193549552	humGainReg659	NNMT
chr11	114125000	114130000	chr11	113905000	113910000	0,255,255	47	10.163145	7.2105875	6.937086	11.078261	1.7591426e-10	4.169468e-17	1.0032157e-16	2.2699195e-10	5	113907500	114133500	6403	NPC	-0.137409632694093	0.158612531501466	0.134719413741981	-16.3799193549552	humGainReg659	NNMT
chr12	130395000	130400000	chr12	129550000	129555000	0,255,255	18	4.259575	3.407429	3.242044	4.29869	0.008300587	0.00087496603	0.0014918103	0.01067339	2	129552500	130392500	5000	NPC	-42	0.172345313519676	0.0444541081341865	-3.05800880785761	humGainReg807	TMEM132D
chr15	78775000	78780000	chr15	78600000	78605000	0,255,255	34	7.1417136	7.8801885	12.525872	7.103968	2.244505e-08	2.148723e-06	0.011433865	2.8877222e-08	3	78604166	78775833	3728	NPC	-0.213562880908513	-0.554996207295718	-0.752706359391278	-5.66781956744261	humGainReg1067	IREB2
chr15	78775000	78780000	chr15	78600000	78605000	0,255,255	34	7.1417136	7.8801885	12.525872	7.103968	2.244505e-08	2.148723e-06	0.011433865	2.8877222e-08	3	78604166	78775833	3728	NPC	-0.213562880908513	-0.554996207295718	-0.752706359391278	-5.66781956744261	humGainReg1067	IREB2
chr15	78775000	78780000	chr15	78600000	78605000	0,255,255	34	7.1417136	7.8801885	12.525872	7.103968	2.244505e-08	2.148723e-06	0.011433865	2.8877222e-08	3	78604166	78775833	3728	NPC	-0.213562880908513	-0.554996207295718	-0.752706359391278	-5.66781956744261	humGainReg1067	RP11-650L12.1
chr15	78730000	78735000	chr15	78605000	78610000	0,255,255	65	16.598953	15.969674	28.72472	12.5352545	1.5382396e-12	1.9423332e-12	2.466522e-05	9.9173324e-17	9	78605277	78715833	16815	NPC	-0.234618681117602	0.197909484833922	0.0514796835101326	-11.7116762664421	humGainReg1067	IREB2
chr15	78730000	78735000	chr15	78605000	78610000	0,255,255	65	16.598953	15.969674	28.72472	12.5352545	1.5382396e-12	1.9423332e-12	2.466522e-05	9.9173324e-17	9	78605277	78715833	16815	NPC	-0.234618681117602	0.197909484833922	0.0514796835101326	-11.7116762664421	humGainReg1067	IREB2
chr15	78730000	78735000	chr15	78605000	78610000	0,255,255	65	16.598953	15.969674	28.72472	12.5352545	1.5382396e-12	1.9423332e-12	2.466522e-05	9.9173324e-17	9	78605277	78715833	16815	NPC	-0.234618681117602	0.197909484833922	0.0514796835101326	-11.7116762664421	humGainReg1067	IREB2
chr15	78730000	78735000	chr15	78605000	78610000	0,255,255	65	16.598953	15.969674	28.72472	12.5352545	1.5382396e-12	1.9423332e-12	2.466522e-05	9.9173324e-17	9	78605277	78715833	16815	NPC	-0.234618681117602	0.197909484833922	0.0514796835101326	-11.7116762664421	humGainReg1067	IREB2
chr15	78730000	78735000	chr15	78605000	78610000	0,255,255	65	16.598953	15.969674	28.72472	12.5352545	1.5382396e-12	1.9423332e-12	2.466522e-05	9.9173324e-17	9	78605277	78715833	16815	NPC	-0.234618681117602	0.197909484833922	0.0514796835101326	-11.7116762664421	humGainReg1067	IREB2
chr15	78730000	78735000	chr15	78605000	78610000	0,255,255	65	16.598953	15.969674	28.72472	12.5352545	1.5382396e-12	1.9423332e-12	2.466522e-05	9.9173324e-17	9	78605277	78715833	16815	NPC	-0.234618681117602	0.197909484833922	0.0514796835101326	-11.7116762664421	humGainReg1067	IREB2
chr15	78730000	78735000	chr15	78605000	78610000	0,255,255	65	16.598953	15.969674	28.72472	12.5352545	1.5382396e-12	1.9423332e-12	2.466522e-05	9.9173324e-17	9	78605277	78715833	16815	NPC	-0.234618681117602	0.197909484833922	0.0514796835101326	-11.7116762664421	humGainReg1067	IREB2
chr15	78730000	78735000	chr15	78605000	78610000	0,255,255	65	16.598953	15.969674	28.72472	12.5352545	1.5382396e-12	1.9423332e-12	2.466522e-05	9.9173324e-17	9	78605277	78715833	16815	NPC	-0.234618681117602	0.197909484833922	0.0514796835101326	-11.7116762664421	humGainReg1067	IREB2
chr17	77940000	77950000	chr17	77820000	77830000	0,255,255	56	19.184387	22.774815	29.28716	26.01734	2.5388154e-08	1.8094466e-05	0.0063290736	0.0063352482	1	77825000	77945000	0	NPC	0.197868016123264	-0.927915007467685	0.178532646804083	-4.74245422917227	humGainReg1380	TBC1D16
chr17	77940000	77950000	chr17	77820000	77830000	0,255,255	56	19.184387	22.774815	29.28716	26.01734	2.5388154e-08	1.8094466e-05	0.0063290736	0.0063352482	1	77825000	77945000	0	NPC	0.197868016123264	-0.927915007467685	0.178532646804083	-4.74245422917227	humGainReg1380	CTD-2529O21.1
chr19	29120000	29125000	chr19	28955000	28960000	0,255,255	24	4.1340704	3.9454365	3.9577675	4.532521	6.045022e-06	4.2009765e-06	7.3900956e-06	7.910956e-06	1	28957500	29122500	0	NPC	0.00175412936051348	0.0329075632944428	0.0156341629335267	-5.3766497478714	humGainReg1523	AC005616.1
chr19	29120000	29125000	chr19	28955000	28960000	0,255,255	24	4.1340704	3.9454365	3.9577675	4.532521	6.045022e-06	4.2009765e-06	7.3900956e-06	7.910956e-06	1	28957500	29122500	0	NPC	0.00175412936051348	0.0329075632944428	0.0156341629335267	-5.3766497478714	humGainReg1523	AC079466.1
chr1	193080000	193090000	chr1	192440000	192450000	0,255,255	41	11.411019	8.395693	11.549277	11.028698	3.2429332e-07	9.44522e-10	4.99256e-07	5.35434e-07	1	192445000	193085000	0	NPC	-7.98613450481931	-2.81017355401442	-1.60853999636924	-9.02478792194826	humGainReg245	GLRX2
chr1	193080000	193090000	chr1	192440000	192450000	0,255,255	41	11.411019	8.395693	11.549277	11.028698	3.2429332e-07	9.44522e-10	4.99256e-07	5.35434e-07	1	192445000	193085000	0	NPC	-7.98613450481931	-2.81017355401442	-1.60853999636924	-9.02478792194826	humGainReg245	CDC73
chr1	193080000	193090000	chr1	192440000	192450000	0,255,255	41	11.411019	8.395693	11.549277	11.028698	3.2429332e-07	9.44522e-10	4.99256e-07	5.35434e-07	1	192445000	193085000	0	NPC	-7.98613450481931	-2.81017355401442	-1.60853999636924	-9.02478792194826	humGainReg245	GLRX2
chr1	193080000	193090000	chr1	192440000	192450000	0,255,255	41	11.411019	8.395693	11.549277	11.028698	3.2429332e-07	9.44522e-10	4.99256e-07	5.35434e-07	1	192445000	193085000	0	NPC	-7.98613450481931	-2.81017355401442	-1.60853999636924	-9.02478792194826	humGainReg245	CDC73
chr1	51430000	51440000	chr1	50890000	50900000	0,255,255	24	5.501786	7.447213	6.7897577	6.3641553	0.0002514499	0.004511886	0.006797148	0.00709361	1	50895000	51435000	0	NPC	0.180782356717191	0.0267506025062442	0.185992760042865	-2.34564188202924	humGainReg152	FAF1
chr1	51430000	51440000	chr1	50890000	50900000	0,255,255	24	5.501786	7.447213	6.7897577	6.3641553	0.0002514499	0.004511886	0.006797148	0.00709361	1	50895000	51435000	0	NPC	0.180782356717191	0.0267506025062442	0.185992760042865	-2.34564188202924	humGainReg152	FAF1
chr1	51430000	51440000	chr1	50890000	50900000	0,255,255	24	5.501786	7.447213	6.7897577	6.3641553	0.0002514499	0.004511886	0.006797148	0.00709361	1	50895000	51435000	0	NPC	0.180782356717191	0.0267506025062442	0.185992760042865	-2.34564188202924	humGainReg152	FAF1
chr1	51430000	51440000	chr1	50890000	50900000	0,255,255	24	5.501786	7.447213	6.7897577	6.3641553	0.0002514499	0.004511886	0.006797148	0.00709361	1	50895000	51435000	0	NPC	0.180782356717191	0.0267506025062442	0.185992760042865	-2.34564188202924	humGainReg152	CDKN2C
chr1	51430000	51440000	chr1	50890000	50900000	0,255,255	24	5.501786	7.447213	6.7897577	6.3641553	0.0002514499	0.004511886	0.006797148	0.00709361	1	50895000	51435000	0	NPC	0.180782356717191	0.0267506025062442	0.185992760042865	-2.34564188202924	humGainReg152	CDKN2C
chr20	55915000	55920000	chr20	55665000	55670000	0,255,255	42	6.6230273	5.75516	9.082524	7.229229	2.339261e-13	1.382494e-16	1.814877e-10	3.1925794e-13	13	55664807	55916730	12331	NPC	-3.736531385989	-13.2196218044734	-2.63913488715279	-15.8593367448497	humGainReg1875	SPO11
chr20	55915000	55920000	chr20	55665000	55670000	0,255,255	42	6.6230273	5.75516	9.082524	7.229229	2.339261e-13	1.382494e-16	1.814877e-10	3.1925794e-13	13	55664807	55916730	12331	NPC	-3.736531385989	-13.2196218044734	-2.63913488715279	-15.8593367448497	humGainReg1875	RAE1
chr22	46350000	46360000	chr22	46300000	46310000	0,255,255	41	14.641136	14.686351	13.323928	17.33729	5.5606182e-05	4.517497e-05	7.393535e-05	0.0051464215	1	46305000	46355000	0	NPC	0.192605501218477	0.117780911304123	0.196717071337222	-4.34510212717519	humGainReg1980	WNT7B
chr22	49705000	49710000	chr22	49440000	49445000	0,255,255	21	4.012673	3.5048473	3.720099	4.0959005	0.00027795625	1.3645012e-05	2.4141083e-05	0.00037402022	1	49442500	49707500	0	NPC	-42	-0.149690611461462	0.0771896444251789	-4.865026078057	humGainReg1990	RP1-34P24.3
chr2	236650000	236655000	chr2	236500000	236505000	0,255,255	25	8.971464	6.4767985	7.761765	8.667794	0.013920777	0.00068244874	0.0010250375	0.016208189	3	236504166	236649166	6871	NPC	-1.34721156462293	-3.29201888627233	-0.234193506020484	-3.16592996373217	humGainReg1784	AC064874.1
chr2	236650000	236655000	chr2	236500000	236505000	0,255,255	25	8.971464	6.4767985	7.761765	8.667794	0.013920777	0.00068244874	0.0010250375	0.016208189	3	236504166	236649166	6871	NPC	-1.34721156462293	-3.29201888627233	-0.234193506020484	-3.16592996373217	humGainReg1784	AGAP1
chr2	43455000	43460000	chr2	43195000	43200000	0,255,255	41	8.16861	8.919843	8.154676	16.712185	5.114319e-10	3.7974274e-10	6.623162e-10	0.005443722	4	43195000	43456250	17545	NPC	-2.92057131279262	-2.56894496807797	0.0918480927049282	-9.42051052031726	humGainReg1619	ZFP36L2
chr2	43455000	43460000	chr2	43195000	43200000	0,255,255	41	8.16861	8.919843	8.154676	16.712185	5.114319e-10	3.7974274e-10	6.623162e-10	0.005443722	4	43195000	43456250	17545	NPC	-2.92057131279262	-2.56894496807797	0.0918480927049282	-9.42051052031726	humGainReg1619	AC010883.5
chr2	43455000	43460000	chr2	43195000	43200000	0,255,255	41	8.16861	8.919843	8.154676	16.712185	5.114319e-10	3.7974274e-10	6.623162e-10	0.005443722	4	43195000	43456250	17545	NPC	-2.92057131279262	-2.56894496807797	0.0918480927049282	-9.42051052031726	humGainReg1619	ZFP36L2
chr2	43455000	43460000	chr2	43195000	43200000	0,255,255	41	8.16861	8.919843	8.154676	16.712185	5.114319e-10	3.7974274e-10	6.623162e-10	0.005443722	4	43195000	43456250	17545	NPC	-2.92057131279262	-2.56894496807797	0.0918480927049282	-9.42051052031726	humGainReg1619	LINC01126
chr2	43455000	43460000	chr2	43195000	43200000	0,255,255	41	8.16861	8.919843	8.154676	16.712185	5.114319e-10	3.7974274e-10	6.623162e-10	0.005443722	4	43195000	43456250	17545	NPC	-2.92057131279262	-2.56894496807797	0.0918480927049282	-9.42051052031726	humGainReg1619	THADA
chr2	20840000	20850000	chr2	20570000	20580000	0,255,255	67	29.746222	20.312664	18.534325	36.45315	7.036899e-06	1.7419239e-09	2.7019085e-13	0.005047877	1	20575000	20845000	0	NPC	-6.00469433617461	-5.68810682690989	-1.39459889164736	-8.75897082207921	humGainReg1594	HS1BP3
chr2	20840000	20850000	chr2	20570000	20580000	0,255,255	67	29.746222	20.312664	18.534325	36.45315	7.036899e-06	1.7419239e-09	2.7019085e-13	0.005047877	1	20575000	20845000	0	NPC	-6.00469433617461	-5.68810682690989	-1.39459889164736	-8.75897082207921	humGainReg1594	HS1BP3
chr2	20840000	20850000	chr2	20570000	20580000	0,255,255	67	29.746222	20.312664	18.534325	36.45315	7.036899e-06	1.7419239e-09	2.7019085e-13	0.005047877	1	20575000	20845000	0	NPC	-6.00469433617461	-5.68810682690989	-1.39459889164736	-8.75897082207921	humGainReg1594	HS1BP3
chr2	20840000	20850000	chr2	20570000	20580000	0,255,255	67	29.746222	20.312664	18.534325	36.45315	7.036899e-06	1.7419239e-09	2.7019085e-13	0.005047877	1	20575000	20845000	0	NPC	-6.00469433617461	-5.68810682690989	-1.39459889164736	-8.75897082207921	humGainReg1594	HS1BP3
chr2	20840000	20850000	chr2	20570000	20580000	0,255,255	67	29.746222	20.312664	18.534325	36.45315	7.036899e-06	1.7419239e-09	2.7019085e-13	0.005047877	1	20575000	20845000	0	NPC	-6.00469433617461	-5.68810682690989	-1.39459889164736	-8.75897082207921	humGainReg1594	HS1BP3
chr2	20840000	20850000	chr2	20570000	20580000	0,255,255	67	29.746222	20.312664	18.534325	36.45315	7.036899e-06	1.7419239e-09	2.7019085e-13	0.005047877	1	20575000	20845000	0	NPC	-6.00469433617461	-5.68810682690989	-1.39459889164736	-8.75897082207921	humGainReg1594	HS1BP3
chr3	159720000	159730000	chr3	159600000	159610000	0,255,255	67	26.289978	23.5962	25.837227	32.563515	7.036899e-06	1.7419239e-09	7.9272095e-06	0.005047877	2	159610000	159725000	5000	NPC	-12.3507476456006	-42	0.196717071337222	-8.75897082207921	humGainReg2118	IL12A
chr3	159720000	159730000	chr3	159600000	159610000	0,255,255	67	26.289978	23.5962	25.837227	32.563515	7.036899e-06	1.7419239e-09	7.9272095e-06	0.005047877	2	159610000	159725000	5000	NPC	-12.3507476456006	-42	0.196717071337222	-8.75897082207921	humGainReg2118	IL12A
chr3	159720000	159730000	chr3	159600000	159610000	0,255,255	67	26.289978	23.5962	25.837227	32.563515	7.036899e-06	1.7419239e-09	7.9272095e-06	0.005047877	2	159610000	159725000	5000	NPC	-12.3507476456006	-42	0.196717071337222	-8.75897082207921	humGainReg2118	LINC01100
chr6	42410000	42420000	chr6	42220000	42230000	0,255,255	51	21.084824	20.41428	23.266378	23.794174	0.00068220636	0.00058919616	0.0007831253	0.00077195687	1	42225000	42415000	0	NPC	0.132097150992168	0.402213908463181	0.205835419241869	-3.2297400922711	humGainReg2594	TRERF1
chr6	42410000	42420000	chr6	42220000	42230000	0,255,255	51	21.084824	20.41428	23.266378	23.794174	0.00068220636	0.00058919616	0.0007831253	0.00077195687	1	42225000	42415000	0	NPC	0.132097150992168	0.402213908463181	0.205835419241869	-3.2297400922711	humGainReg2594	TRERF1
chr6	42410000	42420000	chr6	42220000	42230000	0,255,255	51	21.084824	20.41428	23.266378	23.794174	0.00068220636	0.00058919616	0.0007831253	0.00077195687	1	42225000	42415000	0	NPC	0.132097150992168	0.402213908463181	0.205835419241869	-3.2297400922711	humGainReg2594	TRERF1
chr6	42410000	42420000	chr6	42220000	42230000	0,255,255	51	21.084824	20.41428	23.266378	23.794174	0.00068220636	0.00058919616	0.0007831253	0.00077195687	1	42225000	42415000	0	NPC	0.132097150992168	0.402213908463181	0.205835419241869	-3.2297400922711	humGainReg2594	TRERF1
chr6	42410000	42420000	chr6	42220000	42230000	0,255,255	51	21.084824	20.41428	23.266378	23.794174	0.00068220636	0.00058919616	0.0007831253	0.00077195687	1	42225000	42415000	0	NPC	0.132097150992168	0.402213908463181	0.205835419241869	-3.2297400922711	humGainReg2594	TRERF1
chr6	42410000	42420000	chr6	42220000	42230000	0,255,255	51	21.084824	20.41428	23.266378	23.794174	0.00068220636	0.00058919616	0.0007831253	0.00077195687	1	42225000	42415000	0	NPC	0.132097150992168	0.402213908463181	0.205835419241869	-3.2297400922711	humGainReg2594	U3
chr7	131340000	131350000	chr7	131230000	131240000	0,255,255	80	31.925888	30.42593	33.545403	45.321125	2.7643669e-06	2.1660057e-10	3.5055357e-06	0.004935636	2	131235000	131340000	5000	NPC	-0.649590702236885	-4.34044340585496	0.0173034365703005	-9.66434040483199	humGainReg2818	EEF1B2P6
chr7	131340000	131350000	chr7	131230000	131240000	0,255,255	80	31.925888	30.42593	33.545403	45.321125	2.7643669e-06	2.1660057e-10	3.5055357e-06	0.004935636	2	131235000	131340000	5000	NPC	-0.649590702236885	-4.34044340585496	0.0173034365703005	-9.66434040483199	humGainReg2818	AC093106.4
chr8	97500000	97510000	chr8	97340000	97350000	0,255,255	55	20.394735	16.219816	18.314077	16.496016	4.5666617e-05	4.7987115e-08	7.937644e-08	7.839622e-08	1	97345000	97505000	0	NPC	-1.70591918826114	0.354804865454614	-1.47553433143086	-7.31887535919955	humGainReg2951	SDC2
chr8	97500000	97510000	chr8	97340000	97350000	0,255,255	55	20.394735	16.219816	18.314077	16.496016	4.5666617e-05	4.7987115e-08	7.937644e-08	7.839622e-08	1	97345000	97505000	0	NPC	-1.70591918826114	0.354804865454614	-1.47553433143086	-7.31887535919955	humGainReg2951	SDC2
chr8	97500000	97510000	chr8	97340000	97350000	0,255,255	55	20.394735	16.219816	18.314077	16.496016	4.5666617e-05	4.7987115e-08	7.937644e-08	7.839622e-08	1	97345000	97505000	0	NPC	-1.70591918826114	0.354804865454614	-1.47553433143086	-7.31887535919955	humGainReg2951	SDC2
chr8	97500000	97510000	chr8	97340000	97350000	0,255,255	55	20.394735	16.219816	18.314077	16.496016	4.5666617e-05	4.7987115e-08	7.937644e-08	7.839622e-08	1	97345000	97505000	0	NPC	-1.70591918826114	0.354804865454614	-1.47553433143086	-7.31887535919955	humGainReg2951	SDC2
chr8	97500000	97510000	chr8	97340000	97350000	0,255,255	55	20.394735	16.219816	18.314077	16.496016	4.5666617e-05	4.7987115e-08	7.937644e-08	7.839622e-08	1	97345000	97505000	0	NPC	-1.70591918826114	0.354804865454614	-1.47553433143086	-7.31887535919955	humGainReg2951	SDC2
chr8	17460000	17470000	chr8	17190000	17200000	0,255,255	39	15.038482	14.638973	18.945784	10.7401	0.0002942733	0.00024707467	0.017382002	4.361657e-06	1	17195000	17465000	0	NPC	0.172214665383526	0.32453626843486	-0.337493943261291	-3.6071717760188	humGainReg2885	PDGFRL
chr8	17460000	17470000	chr8	17190000	17200000	0,255,255	39	15.038482	14.638973	18.945784	10.7401	0.0002942733	0.00024707467	0.017382002	4.361657e-06	1	17195000	17465000	0	NPC	0.172214665383526	0.32453626843486	-0.337493943261291	-3.6071717760188	humGainReg2885	RP11-349F21.1
chr8	17770000	17775000	chr8	17190000	17195000	0,255,255	20	3.9538703	3.0772226	3.9782767	4.3224597	0.00091118936	4.2697193e-06	0.0012071822	0.0012414458	3	17190833	17774166	3728	NPC	-0.301069257659814	-0.556993376712548	0.0302812305237707	-5.36960067543591	humGainReg2885	FGL1
chr8	17770000	17775000	chr8	17190000	17195000	0,255,255	20	3.9538703	3.0772226	3.9782767	4.3224597	0.00091118936	4.2697193e-06	0.0012071822	0.0012414458	3	17190833	17774166	3728	NPC	-0.301069257659814	-0.556993376712548	0.0302812305237707	-5.36960067543591	humGainReg2885	PCM1
chr9	135100000	135110000	chr9	135050000	135060000	0,255,255	44	18.712515	20.447683	18.761244	20.945993	0.00060849026	0.032297134	0.0007262066	0.039659582	2	135050000	135105000	5000	NPC	0.172031756233963	-2.26166680496378	0.228352717168101	-1.49083601461036	humGainReg3135	NTNG2
chr9	135100000	135110000	chr9	135050000	135060000	0,255,255	44	18.712515	20.447683	18.761244	20.945993	0.00060849026	0.032297134	0.0007262066	0.039659582	2	135050000	135105000	5000	NPC	0.172031756233963	-2.26166680496378	0.228352717168101	-1.49083601461036	humGainReg3135	AL159997.1
chr11	133795000	133800000	chr11	133915000	133920000	0,255,255	46	10.414524	6.9375067	6.480095	7.255456	6.0222527e-10	2.1827166e-16	4.9112897e-16	5.190421e-16	2	133797500	133915000	2500	NPC	0.110299006052172	-1.50781142662253	0.10893905264322	-15.6610026486454	humGainReg704	IGSF9B
chr11	133795000	133800000	chr11	133915000	133920000	0,255,255	46	10.414524	6.9375067	6.480095	7.255456	6.0222527e-10	2.1827166e-16	4.9112897e-16	5.190421e-16	2	133797500	133915000	2500	NPC	0.110299006052172	-1.50781142662253	0.10893905264322	-15.6610026486454	humGainReg704	IGSF9B
chr12	89410000	89420000	chr12	89740000	89750000	0,255,255	59	27.86671	23.351625	23.746143	30.014019	0.0010779034	1.7917876e-06	2.5500553e-06	0.0012697653	1	89415000	89745000	0	NPC	-8.19347625516707	0.198474644956521	-0.726561434115448	-5.74671347325374	HACNS_240	RP11-13A1.2
chr12	89410000	89420000	chr12	89740000	89750000	0,255,255	59	27.86671	23.351625	23.746143	30.014019	0.0010779034	1.7917876e-06	2.5500553e-06	0.0012697653	1	89415000	89745000	0	NPC	-8.19347625516707	0.198474644956521	-0.726561434115448	-5.74671347325374	HACNS_240	RP11-13A1.1
chr12	680000	690000	chr12	1690000	1700000	0,255,255	50	12.001879	11.356013	15.537348	10.535466	7.463004e-12	5.822604e-12	1.2787455e-08	1.2827535e-11	3	685000	1705000	10000	NPC	-2.24612000666079	-2.00820736246239	-1.54432653516413	-11.234882745606	humGainReg712	RP5-1154L15.2
chr12	680000	690000	chr12	1690000	1700000	0,255,255	50	12.001879	11.356013	15.537348	10.535466	7.463004e-12	5.822604e-12	1.2787455e-08	1.2827535e-11	3	685000	1705000	10000	NPC	-2.24612000666079	-2.00820736246239	-1.54432653516413	-11.234882745606	humGainReg712	B4GALNT3
chr13	44480000	44490000	chr13	44610000	44620000	0,255,255	66	27.73589	23.653708	29.053375	26.021746	1.40504635e-05	4.3866217e-09	1.5864676e-05	1.582906e-05	1	44485000	44615000	0	NPC	0.0858813805209856	-2.21437610480969	0.06325903080472	-8.35786981731299	HACNS_595	LINC00284
chr13	44480000	44490000	chr13	44610000	44620000	0,255,255	66	27.73589	23.653708	29.053375	26.021746	1.40504635e-05	4.3866217e-09	1.5864676e-05	1.582906e-05	1	44485000	44615000	0	NPC	0.0858813805209856	-2.21437610480969	0.06325903080472	-8.35786981731299	HACNS_595	LINC00284
chr13	44480000	44490000	chr13	44610000	44620000	0,255,255	66	27.73589	23.653708	29.053375	26.021746	1.40504635e-05	4.3866217e-09	1.5864676e-05	1.582906e-05	1	44485000	44615000	0	NPC	0.0858813805209856	-2.21437610480969	0.06325903080472	-8.35786981731299	HACNS_595	LINC00284
chr13	44480000	44490000	chr13	44610000	44620000	0,255,255	66	27.73589	23.653708	29.053375	26.021746	1.40504635e-05	4.3866217e-09	1.5864676e-05	1.582906e-05	1	44485000	44615000	0	NPC	0.0858813805209856	-2.21437610480969	0.06325903080472	-8.35786981731299	HACNS_595	LINC00284
chr17	77810000	77820000	chr17	77960000	77970000	0,255,255	47	17.149965	18.917189	21.206474	24.367374	6.530074e-05	5.192678e-05	0.008561799	0.008338542	1	77815000	77965000	0	NPC	-4.40673077329616	0.200664050569209	-1.4951891344562	-4.28460860734119	humGainReg1381	CBX4
chr17	77810000	77820000	chr17	77960000	77970000	0,255,255	47	17.149965	18.917189	21.206474	24.367374	6.530074e-05	5.192678e-05	0.008561799	0.008338542	1	77815000	77965000	0	NPC	-4.40673077329616	0.200664050569209	-1.4951891344562	-4.28460860734119	humGainReg1381	CBX4
chr17	77810000	77820000	chr17	77960000	77970000	0,255,255	47	17.149965	18.917189	21.206474	24.367374	6.530074e-05	5.192678e-05	0.008561799	0.008338542	1	77815000	77965000	0	NPC	-4.40673077329616	0.200664050569209	-1.4951891344562	-4.28460860734119	humGainReg1381	CBX4
chr17	77810000	77820000	chr17	77960000	77970000	0,255,255	47	17.149965	18.917189	21.206474	24.367374	6.530074e-05	5.192678e-05	0.008561799	0.008338542	1	77815000	77965000	0	NPC	-4.40673077329616	0.200664050569209	-1.4951891344562	-4.28460860734119	humGainReg1381	RP11-353N14.2
chr17	77810000	77820000	chr17	77960000	77970000	0,255,255	47	17.149965	18.917189	21.206474	24.367374	6.530074e-05	5.192678e-05	0.008561799	0.008338542	1	77815000	77965000	0	NPC	-4.40673077329616	0.200664050569209	-1.4951891344562	-4.28460860734119	humGainReg1381	CBX4
chr17	77810000	77820000	chr17	77960000	77970000	0,255,255	47	17.149965	18.917189	21.206474	24.367374	6.530074e-05	5.192678e-05	0.008561799	0.008338542	1	77815000	77965000	0	NPC	-4.40673077329616	0.200664050569209	-1.4951891344562	-4.28460860734119	humGainReg1381	RP11-353N14.3
chr19	30530000	30540000	chr19	31140000	31150000	0,255,255	42	15.949961	13.074796	11.762724	18.573801	0.0023772335	1.894854e-05	1.7078932e-07	0.0027360586	1	30535000	31145000	0	NPC	-1.44152569973737	-2.49114712459563	-1.02311575938425	-4.72242424714028	humGainReg1529	CTC-448F2.6
chr21	46710000	46720000	chr21	46860000	46870000	0,255,255	45	14.176404	10.489211	15.879113	9.911002	1.4730612e-06	2.9267948e-09	0.00035251307	6.0846173e-09	2	46715000	46860000	5000	NPC	-1.60727210216312	-4.68775443589933	-1.02311575938425	-8.53360772524358	humGainReg1930	POFUT2
chr21	46710000	46720000	chr21	46860000	46870000	0,255,255	45	14.176404	10.489211	15.879113	9.911002	1.4730612e-06	2.9267948e-09	0.00035251307	6.0846173e-09	2	46715000	46860000	5000	NPC	-1.60727210216312	-4.68775443589933	-1.02311575938425	-8.53360772524358	humGainReg1930	POFUT2
chr21	46710000	46720000	chr21	46860000	46870000	0,255,255	45	14.176404	10.489211	15.879113	9.911002	1.4730612e-06	2.9267948e-09	0.00035251307	6.0846173e-09	2	46715000	46860000	5000	NPC	-1.60727210216312	-4.68775443589933	-1.02311575938425	-8.53360772524358	humGainReg1930	POFUT2
chr21	46710000	46720000	chr21	46860000	46870000	0,255,255	45	14.176404	10.489211	15.879113	9.911002	1.4730612e-06	2.9267948e-09	0.00035251307	6.0846173e-09	2	46715000	46860000	5000	NPC	-1.60727210216312	-4.68775443589933	-1.02311575938425	-8.53360772524358	humGainReg1930	POFUT2
chr21	46710000	46720000	chr21	46860000	46870000	0,255,255	45	14.176404	10.489211	15.879113	9.911002	1.4730612e-06	2.9267948e-09	0.00035251307	6.0846173e-09	2	46715000	46860000	5000	NPC	-1.60727210216312	-4.68775443589933	-1.02311575938425	-8.53360772524358	humGainReg1930	POFUT2
chr21	46710000	46720000	chr21	46860000	46870000	0,255,255	45	14.176404	10.489211	15.879113	9.911002	1.4730612e-06	2.9267948e-09	0.00035251307	6.0846173e-09	2	46715000	46860000	5000	NPC	-1.60727210216312	-4.68775443589933	-1.02311575938425	-8.53360772524358	humGainReg1930	POFUT2
chr21	46710000	46720000	chr21	46860000	46870000	0,255,255	45	14.176404	10.489211	15.879113	9.911002	1.4730612e-06	2.9267948e-09	0.00035251307	6.0846173e-09	2	46715000	46860000	5000	NPC	-1.60727210216312	-4.68775443589933	-1.02311575938425	-8.53360772524358	humGainReg1930	POFUT2
chr21	46710000	46720000	chr21	46860000	46870000	0,255,255	45	14.176404	10.489211	15.879113	9.911002	1.4730612e-06	2.9267948e-09	0.00035251307	6.0846173e-09	2	46715000	46860000	5000	NPC	-1.60727210216312	-4.68775443589933	-1.02311575938425	-8.53360772524358	humGainReg1930	POFUT2
chr21	46710000	46720000	chr21	46860000	46870000	0,255,255	45	14.176404	10.489211	15.879113	9.911002	1.4730612e-06	2.9267948e-09	0.00035251307	6.0846173e-09	2	46715000	46860000	5000	NPC	-1.60727210216312	-4.68775443589933	-1.02311575938425	-8.53360772524358	humGainReg1930	POFUT2
chr21	46710000	46720000	chr21	46860000	46870000	0,255,255	45	14.176404	10.489211	15.879113	9.911002	1.4730612e-06	2.9267948e-09	0.00035251307	6.0846173e-09	2	46715000	46860000	5000	NPC	-1.60727210216312	-4.68775443589933	-1.02311575938425	-8.53360772524358	humGainReg1930	LINC00205
chr21	46710000	46720000	chr21	46860000	46870000	0,255,255	45	14.176404	10.489211	15.879113	9.911002	1.4730612e-06	2.9267948e-09	0.00035251307	6.0846173e-09	2	46715000	46860000	5000	NPC	-1.60727210216312	-4.68775443589933	-1.02311575938425	-8.53360772524358	humGainReg1930	LINC00315
chr21	46560000	46570000	chr21	46860000	46870000	0,255,255	38	7.445393	7.6551147	9.776248	8.664095	1.3914939e-10	1.2957777e-10	7.174088e-08	8.015296e-08	1	46565000	46865000	0	NPC	-0.772466888184654	-9.59037878504772	-0.0627797969895588	-9.8874694984224	humGainReg1930	ADARB1
chr21	46560000	46570000	chr21	46860000	46870000	0,255,255	38	7.445393	7.6551147	9.776248	8.664095	1.3914939e-10	1.2957777e-10	7.174088e-08	8.015296e-08	1	46565000	46865000	0	NPC	-0.772466888184654	-9.59037878504772	-0.0627797969895588	-9.8874694984224	humGainReg1930	ADARB1
chr2	27070000	27075000	chr2	27130000	27135000	0,255,255	64	28.449186	29.609743	32.08653	26.815409	3.687724e-05	4.247541e-05	0.0148255825	5.0802024e-05	11	27072954	27143409	21766	NPC	0.059067577310386	-0.0996527564769303	0.0122365555019347	-4.37186242034878	humGainReg1605	DPYSL5
chr2	27070000	27075000	chr2	27130000	27135000	0,255,255	64	28.449186	29.609743	32.08653	26.815409	3.687724e-05	4.247541e-05	0.0148255825	5.0802024e-05	11	27072954	27143409	21766	NPC	0.059067577310386	-0.0996527564769303	0.0122365555019347	-4.37186242034878	humGainReg1605	DPYSL5
chr2	27070000	27075000	chr2	27130000	27135000	0,255,255	64	28.449186	29.609743	32.08653	26.815409	3.687724e-05	4.247541e-05	0.0148255825	5.0802024e-05	11	27072954	27143409	21766	NPC	0.059067577310386	-0.0996527564769303	0.0122365555019347	-4.37186242034878	humGainReg1605	DPYSL5
chr2	27070000	27075000	chr2	27130000	27135000	0,255,255	64	28.449186	29.609743	32.08653	26.815409	3.687724e-05	4.247541e-05	0.0148255825	5.0802024e-05	11	27072954	27143409	21766	NPC	0.059067577310386	-0.0996527564769303	0.0122365555019347	-4.37186242034878	humGainReg1605	DPYSL5
chr2	27070000	27075000	chr2	27130000	27135000	0,255,255	64	28.449186	29.609743	32.08653	26.815409	3.687724e-05	4.247541e-05	0.0148255825	5.0802024e-05	11	27072954	27143409	21766	NPC	0.059067577310386	-0.0996527564769303	0.0122365555019347	-4.37186242034878	humGainReg1605	DPYSL5
chr2	27070000	27075000	chr2	27130000	27135000	0,255,255	64	28.449186	29.609743	32.08653	26.815409	3.687724e-05	4.247541e-05	0.0148255825	5.0802024e-05	11	27072954	27143409	21766	NPC	0.059067577310386	-0.0996527564769303	0.0122365555019347	-4.37186242034878	humGainReg1605	DPYSL5
chr2	178020000	178030000	chr2	178620000	178630000	0,255,255	54	22.62365	14.825088	22.175821	15.996223	9.235579e-05	7.9716594e-11	0.000105898456	1.9981948e-07	5	178027000	178617000	22091	NPC	-0.26296225146279	-2.00820736246239	-2.07444813273865	-10.0984512653981	humGainReg1736	AC079305.11
chr2	178020000	178030000	chr2	178620000	178630000	0,255,255	54	22.62365	14.825088	22.175821	15.996223	9.235579e-05	7.9716594e-11	0.000105898456	1.9981948e-07	5	178027000	178617000	22091	NPC	-0.26296225146279	-2.00820736246239	-2.07444813273865	-10.0984512653981	humGainReg1736	RNA5SP112
chr2	205190000	205200000	chr2	205400000	205410000	0,255,255	50	19.5873	19.763084	23.035004	19.973324	0.0012786024	0.0011139254	0.0014728341	0.0014531973	1	205195000	205405000	0	NPC	-1.05212333743147	0.36276395863983	0.12693539048018	-2.95314389305205	humGainReg1740	DSTNP5
chr2	205190000	205200000	chr2	205400000	205410000	0,255,255	50	19.5873	19.763084	23.035004	19.973324	0.0012786024	0.0011139254	0.0014728341	0.0014531973	1	205195000	205405000	0	NPC	-1.05212333743147	0.36276395863983	0.12693539048018	-2.95314389305205	humGainReg1740	AC106901.1
chr3	14245000	14250000	chr3	14500000	14505000	0,255,255	37	6.215989	7.8978314	10.559915	7.816507	1.2206607e-12	6.3906135e-08	1.5481746e-05	4.816467e-10	2	14247500	14505000	2500	NPC	-0.949503545193915	-0.830342902805789	0.0918480927049282	-7.19445744749495	humGainReg2017	XPC
chr3	14440000	14450000	chr3	14500000	14510000	0,255,255	68	37.88461	33.823128	32.593975	33.574825	0.0024669678	0.002820705	0.0032503111	0.003140486	1	14445000	14505000	0	NPC	-1.33593295198492	-15.1300830818324	0.175033971610062	-2.5496423316296	humGainReg2017	SLC6A6
chr3	14440000	14450000	chr3	14500000	14510000	0,255,255	68	37.88461	33.823128	32.593975	33.574825	0.0024669678	0.002820705	0.0032503111	0.003140486	1	14445000	14505000	0	NPC	-1.33593295198492	-15.1300830818324	0.175033971610062	-2.5496423316296	humGainReg2017	SLC6A6
chr3	14440000	14450000	chr3	14500000	14510000	0,255,255	68	37.88461	33.823128	32.593975	33.574825	0.0024669678	0.002820705	0.0032503111	0.003140486	1	14445000	14505000	0	NPC	-1.33593295198492	-15.1300830818324	0.175033971610062	-2.5496423316296	humGainReg2017	SLC6A6
chr3	14440000	14450000	chr3	14500000	14510000	0,255,255	68	37.88461	33.823128	32.593975	33.574825	0.0024669678	0.002820705	0.0032503111	0.003140486	1	14445000	14505000	0	NPC	-1.33593295198492	-15.1300830818324	0.175033971610062	-2.5496423316296	humGainReg2017	SLC6A6
chr3	14440000	14450000	chr3	14500000	14510000	0,255,255	68	37.88461	33.823128	32.593975	33.574825	0.0024669678	0.002820705	0.0032503111	0.003140486	1	14445000	14505000	0	NPC	-1.33593295198492	-15.1300830818324	0.175033971610062	-2.5496423316296	humGainReg2017	SLC6A6
chr3	14440000	14450000	chr3	14500000	14510000	0,255,255	68	37.88461	33.823128	32.593975	33.574825	0.0024669678	0.002820705	0.0032503111	0.003140486	1	14445000	14505000	0	NPC	-1.33593295198492	-15.1300830818324	0.175033971610062	-2.5496423316296	humGainReg2017	SLC6A6
chr3	14440000	14450000	chr3	14500000	14510000	0,255,255	68	37.88461	33.823128	32.593975	33.574825	0.0024669678	0.002820705	0.0032503111	0.003140486	1	14445000	14505000	0	NPC	-1.33593295198492	-15.1300830818324	0.175033971610062	-2.5496423316296	humGainReg2017	SLC6A6
chr3	14440000	14450000	chr3	14500000	14510000	0,255,255	68	37.88461	33.823128	32.593975	33.574825	0.0024669678	0.002820705	0.0032503111	0.003140486	1	14445000	14505000	0	NPC	-1.33593295198492	-15.1300830818324	0.175033971610062	-2.5496423316296	humGainReg2017	SLC6A6
chr3	14440000	14450000	chr3	14500000	14510000	0,255,255	68	37.88461	33.823128	32.593975	33.574825	0.0024669678	0.002820705	0.0032503111	0.003140486	1	14445000	14505000	0	NPC	-1.33593295198492	-15.1300830818324	0.175033971610062	-2.5496423316296	humGainReg2017	SLC6A6
chr3	14440000	14450000	chr3	14500000	14510000	0,255,255	68	37.88461	33.823128	32.593975	33.574825	0.0024669678	0.002820705	0.0032503111	0.003140486	1	14445000	14505000	0	NPC	-1.33593295198492	-15.1300830818324	0.175033971610062	-2.5496423316296	humGainReg2017	SLC6A6
chr6	144900000	144910000	chr6	145450000	145460000	0,255,255	43	13.804323	14.884104	19.41161	14.030572	9.513429e-06	7.671162e-06	0.0014488365	1.2520405e-05	1	144905000	145455000	0	NPC	-1.52828164285421	0.218209005224886	0.166348901767639	-5.1151388457036	humGainReg2650	UTRN
chr6	42040000	42050000	chr6	42510000	42520000	0,255,255	31	12.827089	11.870626	14.068035	13.789978	0.06562253	0.0035900783	0.08077728	0.080843404	2	42045000	42510000	5000	NPC	-3.28745708397679	-3.69590217351615	-0.949020670117243	-2.44489607930828	humGainReg2595	CCND3
chr6	42040000	42050000	chr6	42510000	42520000	0,255,255	31	12.827089	11.870626	14.068035	13.789978	0.06562253	0.0035900783	0.08077728	0.080843404	2	42045000	42510000	5000	NPC	-3.28745708397679	-3.69590217351615	-0.949020670117243	-2.44489607930828	humGainReg2595	RP11-7K24.3
chr6	42225000	42230000	chr6	42515000	42520000	0,255,255	34	10.48491	10.075418	8.7678175	12.773571	0.00020848676	0.00020143208	3.2248438e-06	0.011652398	1	42227500	42517500	0	NPC	-0.0414179140574593	-2.40546977910034	-0.179252107012786	-3.69587136269251	humGainReg2595	MRPS10
chr9	133585000	133590000	chr9	133870000	133875000	0,255,255	25	4.7439637	5.0663853	6.675329	6.101312	1.4791303e-06	2.7381308e-05	0.0010250375	5.172201e-05	2	133590000	133872500	2500	NPC	-0.770479134949323	-0.51335288137025	0.0874132113852572	-4.56254580953972	humGainReg3131	ABL1
chr9	133585000	133590000	chr9	133870000	133875000	0,255,255	25	4.7439637	5.0663853	6.675329	6.101312	1.4791303e-06	2.7381308e-05	0.0010250375	5.172201e-05	2	133590000	133872500	2500	NPC	-0.770479134949323	-0.51335288137025	0.0874132113852572	-4.56254580953972	humGainReg3131	ABL1
